Results produced at 2018-10-16 20:57:47.311347

# Model fitting for [OII] Gaussian Doublet 
## Initial Parameters 
'c': 0
'i1': 3850.4985390300176
'i2': 2961.9219531000135
'sigma1': 3
'z': 0.6661476849678025

## Optimal Parameters 
'c': -114.6384717445557
'i1': 14482.512950512006
'i2': 19940.418772728517
'sigma1': 2.4081946336763504
'z': 0.6644353299477993

